# amount of algorithm iterations
iterations:1000

# size of the exported image in pixels
imageWidth:2000
imageHeight:2000

# center coordinates of the rendered image
locationX:-0.7746806106269039
locationY:-0.1374168856037867

# zoom factor
zoom:663991421433
